> mtx1 <- makeCacheMatrix(matrix(rnorm(16),4,4))
> cacheSolve(mtx1)
            [,1]       [,2]      [,3]       [,4]
[1,] -0.03957239 -1.6071362 -1.651690  1.7490129
[2,]  0.50343656 -0.6282481  0.769006 -0.0792814
[3,]  1.19513479  2.6838313  2.350448 -1.1019955
[4,]  1.40756166  3.2883395  3.210939 -2.7171143
> cacheSolve(mtx1)
Cache hit success : returning cached data
            [,1]       [,2]      [,3]       [,4]
[1,] -0.03957239 -1.6071362 -1.651690  1.7490129
[2,]  0.50343656 -0.6282481  0.769006 -0.0792814
[3,]  1.19513479  2.6838313  2.350448 -1.1019955
[4,]  1.40756166  3.2883395  3.210939 -2.7171143
> cacheSolve(mtx1)
Cache hit success : returning cached data
            [,1]       [,2]      [,3]       [,4]
[1,] -0.03957239 -1.6071362 -1.651690  1.7490129
[2,]  0.50343656 -0.6282481  0.769006 -0.0792814
[3,]  1.19513479  2.6838313  2.350448 -1.1019955
[4,]  1.40756166  3.2883395  3.210939 -2.7171143
> 